# Sigma = 0.300000
       -1.0000000000        0.0343436716
       -0.9000000000        0.0975504852
       -0.8000000000        0.2479927414
       -0.7000000000        0.5642631437
       -0.6000000000        1.1491353765
       -0.5000000000        2.0947681555
       -0.4000000000        3.4184934207
       -0.3000000000        4.9956043355
       -0.2000000000        6.5409626750
       -0.1000000000        7.6823600500
       -0.0000000000        8.1124344949
        0.1000000000        7.7374906571
        0.2000000000        6.7244754967
        0.3000000000        5.4101972525
        0.4000000000        4.1333251114
        0.5000000000        3.0978721953
        0.6000000000        2.3399787130
        0.7000000000        1.7883518304
        0.8000000000        1.3533340031
        0.9000000000        0.9840831813
        1.0000000000        0.6761319560
        1.1000000000        0.4493362913
        1.2000000000        0.3246154622
        1.3000000000        0.3131337370
        1.4000000000        0.4143348349
        1.5000000000        0.6139963401
        1.6000000000        0.8802363426
        1.7000000000        1.1641592647
        1.8000000000        1.4121846779
        1.9000000000        1.5870206351
        2.0000000000        1.6828434120
        2.1000000000        1.7205659051
        2.2000000000        1.7243538526
        2.3000000000        1.6979327157
        2.4000000000        1.6210301268
        2.5000000000        1.4690997211
        2.6000000000        1.2392703339
        2.7000000000        0.9613930947
        2.8000000000        0.6875456842
        2.9000000000        0.4709312512
        3.0000000000        0.3497919577
        3.1000000000        0.3426008789
        3.2000000000        0.4492471852
        3.3000000000        0.6504713227
        3.4000000000        0.9051687860
        3.5000000000        1.1535492417
        3.6000000000        1.3337774199
        3.7000000000        1.4089454752
        3.8000000000        1.3889229690
        3.9000000000        1.3300607400
        4.0000000000        1.3086835217
        4.1000000000        1.3823484424
        4.2000000000        1.5613994280
        4.3000000000        1.8058103269
        4.4000000000        2.0453936816
        4.5000000000        2.2086850029
        4.6000000000        2.2457709256
        4.7000000000        2.1397527543
        4.8000000000        1.9095868804
        4.9000000000        1.6069800782
        5.0000000000        1.3056974430
        5.1000000000        1.0813118673
        5.2000000000        0.9852411009
        5.3000000000        1.0233978596
        5.4000000000        1.1508756043
        5.5000000000        1.2882522889
        5.6000000000        1.3546522341
        5.7000000000        1.3027068629
        5.8000000000        1.1378526430
        5.9000000000        0.9128734766
        6.0000000000        0.7032646399
        6.1000000000        0.5785052737
        6.2000000000        0.5820301099
        6.3000000000        0.7235349846
        6.4000000000        0.9812687494
        6.5000000000        1.3122865260
        6.6000000000        1.6691059112
        6.7000000000        2.0164980899
        6.8000000000        2.3371304545
        6.9000000000        2.6196678585
        7.0000000000        2.8384719586
        7.1000000000        2.9459413975
        7.2000000000        2.8917074066
        7.3000000000        2.6603006302
        7.4000000000        2.3010393490
        7.5000000000        1.9273215644
        7.6000000000        1.6825783054
        7.7000000000        1.6882329471
        7.8000000000        1.9939582185
        7.9000000000        2.5473549600
        8.0000000000        3.1972650040
        8.1000000000        3.7394488152
        8.2000000000        3.9965484611
        8.3000000000        3.8999083240
        8.4000000000        3.5294151403
        8.5000000000        3.0852948445
        8.6000000000        2.8033713434
        8.7000000000        2.8547105953
        8.8000000000        3.2736769864
        8.9000000000        3.9412408359
        9.0000000000        4.6287430223
        9.1000000000        5.0876657465
        9.2000000000        5.1521179371
        9.3000000000        4.8087530318
        9.4000000000        4.1976719988
        9.5000000000        3.5414646080
        9.6000000000        3.0396469172
        9.7000000000        2.7845586319
        9.8000000000        2.7396164499
        9.9000000000        2.7837731731
       10.0000000000        2.7913346850
       10.1000000000        2.7020809433
       10.2000000000        2.5469463671
       10.3000000000        2.4212249882
       10.4000000000        2.4254774530
       10.5000000000        2.6091098483
       10.6000000000        2.9458936109
       10.7000000000        3.3497656950
       10.8000000000        3.7169483419
       10.9000000000        3.9693342206
       11.0000000000        4.0778065981
       11.1000000000        4.0576790128
       11.2000000000        3.9437088767
       11.3000000000        3.7623273778
       11.4000000000        3.5191776798
       11.5000000000        3.2096659360
       11.6000000000        2.8440953507
       11.7000000000        2.4674700503
       11.8000000000        2.1559908763
       11.9000000000        1.9872608586
       12.0000000000        1.9993503885
       12.1000000000        2.1629382003
       12.2000000000        2.3847974305
       12.3000000000        2.5436521221
       12.4000000000        2.5413192927
       12.5000000000        2.3437555678
       12.6000000000        1.9927854548
       12.7000000000        1.5856097077
       12.8000000000        1.2351752926
       12.9000000000        1.0308573968
       13.0000000000        1.0142837133
       13.1000000000        1.1756148665
       13.2000000000        1.4675202302
       13.3000000000        1.8286086328
       13.4000000000        2.2042283288
       13.5000000000        2.5532394015
       13.6000000000        2.8389065897
       13.7000000000        3.0164984428
       13.8000000000        3.0358412231
       13.9000000000        2.8648204922
       14.0000000000        2.5187640047
       14.1000000000        2.0712242881
       14.2000000000        1.6337275576
       14.3000000000        1.3142662317
       14.4000000000        1.1774806560
       14.5000000000        1.2258362899
       14.6000000000        1.4075648234
       14.7000000000        1.6438551953
       14.8000000000        1.8599906749
       14.9000000000        2.0050907105
       15.0000000000        2.0539315752
       15.1000000000        1.9975613970
       15.2000000000        1.8362697156
       15.3000000000        1.5819753334
       15.4000000000        1.2640728170
       15.5000000000        0.9275484194
       15.6000000000        0.6199568652
       15.7000000000        0.3751760256
       15.8000000000        0.2047145025
       15.9000000000        0.1004386579
       16.0000000000        0.0442298312
       16.1000000000        0.0174621583
       16.2000000000        0.0061764381
       16.3000000000        0.0019563276
       16.4000000000        0.0005547374
       16.5000000000        0.0001407993
       16.6000000000        0.0000319841
       16.7000000000        0.0000065022
       16.8000000000        0.0000011829
       16.9000000000        0.0000001926
       17.0000000000        0.0000000281
       17.1000000000        0.0000000037
       17.2000000000        0.0000000004
       17.3000000000        0.0000000000
       17.4000000000        0.0000000000
       17.5000000000        0.0000000000
       17.6000000000        0.0000000000
       17.7000000000        0.0000000000
       17.8000000000        0.0000000000
       17.9000000000        0.0000000000
       18.0000000000        0.0000000000
       18.1000000000        0.0000000000
       18.2000000000        0.0000000000
       18.3000000000        0.0000000000
       18.4000000000        0.0000000000
       18.5000000000        0.0000000000
       18.6000000000        0.0000000000
       18.7000000000        0.0000000000
       18.8000000000        0.0000000000
       18.9000000000        0.0000000000
       19.0000000000        0.0000000000
       19.1000000000        0.0000000000
       19.2000000000        0.0000000000
       19.3000000000        0.0000000000
       19.4000000000        0.0000000000
       19.5000000000        0.0000000000
       19.6000000000        0.0000000000
       19.7000000000        0.0000000000
       19.8000000000        0.0000000000
       19.9000000000        0.0000000000
       20.0000000000        0.0000000000
       20.1000000000        0.0000000000
       20.2000000000        0.0000000000
       20.3000000000        0.0000000000
       20.4000000000        0.0000000000
       20.5000000000        0.0000000000
       20.6000000000        0.0000000000
       20.7000000000        0.0000000000
       20.8000000000        0.0000000000
       20.9000000000        0.0000000000
       21.0000000000        0.0000000000
       21.1000000000        0.0000000000
       21.2000000000        0.0000000000
       21.3000000000        0.0000000000
       21.4000000000        0.0000000000
       21.5000000000        0.0000000000
       21.6000000000        0.0000000000
       21.7000000000        0.0000000000
       21.8000000000        0.0000000000
       21.9000000000        0.0000000000
       22.0000000000        0.0000000000
       22.1000000000        0.0000000000
       22.2000000000        0.0000000000
       22.3000000000        0.0000000000
       22.4000000000        0.0000000000
       22.5000000000        0.0000000000
       22.6000000000        0.0000000000
       22.7000000000        0.0000000000
       22.8000000000        0.0000000000
       22.9000000000        0.0000000000
       23.0000000000        0.0000000000
       23.1000000000        0.0000000000
       23.2000000000        0.0000000000
       23.3000000000        0.0000000000
       23.4000000000        0.0000000000
       23.5000000000        0.0000000000
       23.6000000000        0.0000000000
       23.7000000000        0.0000000000
       23.8000000000        0.0000000000
       23.9000000000        0.0000000000
       24.0000000000        0.0000000000
       24.1000000000        0.0000000000
       24.2000000000        0.0000000000
       24.3000000000        0.0000000000
       24.4000000000        0.0000000000
       24.5000000000        0.0000000000
       24.6000000000        0.0000000000
       24.7000000000        0.0000000000
       24.8000000000        0.0000000000
       24.9000000000        0.0000000000
       25.0000000000        0.0000000000
       25.1000000000        0.0000000000
       25.2000000000        0.0000000000
       25.3000000000        0.0000000000
       25.4000000000        0.0000000000
       25.5000000000        0.0000000000
       25.6000000000        0.0000000000
       25.7000000000        0.0000000000
       25.8000000000        0.0000000000
       25.9000000000        0.0000000001
       26.0000000000        0.0000000010
       26.1000000000        0.0000000079
       26.2000000000        0.0000000586
       26.3000000000        0.0000003896
       26.4000000000        0.0000023216
       26.5000000000        0.0000123998
       26.6000000000        0.0000593744
       26.7000000000        0.0002549570
       26.8000000000        0.0009821148
       26.9000000000        0.0033950447
       27.0000000000        0.0105363961
       27.1000000000        0.0293691677
       27.2000000000        0.0735606830
       27.3000000000        0.1656397596
       27.4000000000        0.3354767716
       27.5000000000        0.6114386285
       27.6000000000        1.0033326258
       27.7000000000        1.4830152109
       27.8000000000        1.9755176994
       27.9000000000        2.3734027495
       28.0000000000        2.5754822040
       28.1000000000        2.5336167311
       28.2000000000        2.2817484324
       28.3000000000        1.9291416625
       28.4000000000        1.6200245745
       28.5000000000        1.4790801387
       28.6000000000        1.5660200475
       28.7000000000        1.8555945407
       28.8000000000        2.2503388062
       28.9000000000        2.6243083849
       29.0000000000        2.8834802275
       29.1000000000        3.0148195305
       29.2000000000        3.0938315576
       29.3000000000        3.2397184541
       29.4000000000        3.5399199441
       29.5000000000        3.9880967782
       29.6000000000        4.4729631083
       29.7000000000        4.8240152021
       29.8000000000        4.8871980758
       29.9000000000        4.5903297254
       30.0000000000        3.9687264628
       30.1000000000        3.1446797233
       30.2000000000        2.2760536551
       30.3000000000        1.5003735798
       30.4000000000        0.8983469785
       30.5000000000        0.4873349124
       30.6000000000        0.2389904281
       30.7000000000        0.1057477725
       30.8000000000        0.0421509933
       30.9000000000        0.0151157287
       31.0000000000        0.0048717891
       31.1000000000        0.0014100528
       31.2000000000        0.0003662664
       31.3000000000        0.0000853419
       31.4000000000        0.0000178306
       31.5000000000        0.0000033395
       31.6000000000        0.0000005606
       31.7000000000        0.0000000843
       31.8000000000        0.0000000114
       31.9000000000        0.0000000014
       32.0000000000        0.0000000001
       32.1000000000        0.0000000000
       32.2000000000        0.0000000000
       32.3000000000        0.0000000000
       32.4000000000        0.0000000000
       32.5000000000        0.0000000000
       32.6000000000        0.0000000000
       32.7000000000        0.0000000000
       32.8000000000        0.0000000000
       32.9000000000        0.0000000000
