# Sigma = 0.300000
       -1.0000000000        2.4221737034
       -0.9000000000        2.3261193259
       -0.8000000000        2.3631754217
       -0.7000000000        2.6136757038
       -0.6000000000        3.0558990680
       -0.5000000000        3.5572468406
       -0.4000000000        3.9229114584
       -0.3000000000        3.9835928229
       -0.2000000000        3.6758675577
       -0.1000000000        3.0695552639
       -0.0000000000        2.3296115890
        0.1000000000        1.6409922376
        0.2000000000        1.1415343319
        0.3000000000        0.8913147795
        0.4000000000        0.8775457109
        0.5000000000        1.0377361172
        0.6000000000        1.2868641657
        0.7000000000        1.5431796101
        0.8000000000        1.7488978960
        0.9000000000        1.8786889529
        1.0000000000        1.9317384959
        1.1000000000        1.9148305511
        1.2000000000        1.8324061836
        1.3000000000        1.6927785766
        1.4000000000        1.5220991696
        1.5000000000        1.3673317341
        1.6000000000        1.2780592653
        1.7000000000        1.2768385319
        1.8000000000        1.3405644141
        1.9000000000        1.4096496293
        2.0000000000        1.4225044354
        2.1000000000        1.3548432147
        2.2000000000        1.2396741801
        2.3000000000        1.1559381161
        2.4000000000        1.1918291661
        2.5000000000        1.4010731816
        2.6000000000        1.7724737200
        2.7000000000        2.2273860203
        2.8000000000        2.6487418381
        2.9000000000        2.9297502105
        3.0000000000        3.0167743600
        3.1000000000        2.9215352383
        3.2000000000        2.6979207318
        3.3000000000        2.4044788472
        3.4000000000        2.0819400245
        3.5000000000        1.7577367918
        3.6000000000        1.4636210411
        3.7000000000        1.2426525125
        3.8000000000        1.1349586297
        3.9000000000        1.1530161104
        4.0000000000        1.2677438620
        4.1000000000        1.4194622911
        4.2000000000        1.5495662927
        4.3000000000        1.6327699699
        4.4000000000        1.6876475994
        4.5000000000        1.7577253372
        4.6000000000        1.8764949158
        4.7000000000        2.0405995739
        4.8000000000        2.2074524365
        4.9000000000        2.3150051082
        5.0000000000        2.3087781305
        5.1000000000        2.1622788639
        5.2000000000        1.8851404328
        5.3000000000        1.5191703357
        5.4000000000        1.1244897067
        5.5000000000        0.7601989694
        5.6000000000        0.4671277524
        5.7000000000        0.2600576250
        5.8000000000        0.1314982458
        5.9000000000        0.0626921027
        6.0000000000        0.0351799285
        6.1000000000        0.0385779079
        6.2000000000        0.0736380896
        6.3000000000        0.1509774414
        6.4000000000        0.2851941151
        6.5000000000        0.4841593484
        6.6000000000        0.7363129947
        6.7000000000        1.0035009698
        6.8000000000        1.2282057510
        6.9000000000        1.3574937726
        7.0000000000        1.3738951750
        7.1000000000        1.3150863372
        7.2000000000        1.2678443324
        7.3000000000        1.3356241537
        7.4000000000        1.5933390881
        7.5000000000        2.0492291681
        7.6000000000        2.6311757148
        7.7000000000        3.2061453983
        7.8000000000        3.6283817949
        7.9000000000        3.7975440204
        8.0000000000        3.6997769533
        8.1000000000        3.4105366148
        8.2000000000        3.0574832229
        8.3000000000        2.7637887197
        8.4000000000        2.6022966489
        8.5000000000        2.5821561841
        8.6000000000        2.6682000732
        8.7000000000        2.8147783822
        8.8000000000        2.9920435763
        8.9000000000        3.1930518592
        9.0000000000        3.4237662727
        9.1000000000        3.6857563162
        9.2000000000        3.9617259983
        9.3000000000        4.2104459206
        9.4000000000        4.3732005550
        9.5000000000        4.3899379237
        9.6000000000        4.2206991715
        9.7000000000        3.8663939287
        9.8000000000        3.3817185711
        9.9000000000        2.8725347682
       10.0000000000        2.4727789752
       10.1000000000        2.3034787131
       10.2000000000        2.4265001116
       10.3000000000        2.8129164088
       10.4000000000        3.3448043159
       10.5000000000        3.8568762064
       10.6000000000        4.2033940165
       10.7000000000        4.3172813280
       10.8000000000        4.2276121449
       10.9000000000        4.0253992597
       11.0000000000        3.8023559819
       11.1000000000        3.6058217452
       11.2000000000        3.4382690890
       11.3000000000        3.2931452760
       11.4000000000        3.1912866797
       11.5000000000        3.1858055040
       11.6000000000        3.3319502927
       11.7000000000        3.6460656601
       11.8000000000        4.0838133047
       11.9000000000        4.5523781307
       12.0000000000        4.9494315191
       12.1000000000        5.2074367745
       12.2000000000        5.3208041171
       12.3000000000        5.3435337429
       12.4000000000        5.3604789679
       12.5000000000        5.4480281256
       12.6000000000        5.6429697935
       12.7000000000        5.9312138878
       12.8000000000        6.2573385915
       12.9000000000        6.5485784922
       13.0000000000        6.7443637745
       13.1000000000        6.8217934946
       13.2000000000        6.8067952425
       13.3000000000        6.7631156619
       13.4000000000        6.7599965185
       13.5000000000        6.8314899123
       13.6000000000        6.9474183309
       13.7000000000        7.0123706197
       13.8000000000        6.8970036261
       13.9000000000        6.4912426741
       14.0000000000        5.7568933223
       14.1000000000        4.7533736106
       14.2000000000        3.6207102158
       14.3000000000        2.5268563331
       14.4000000000        1.6074090082
       14.5000000000        0.9284323746
       14.6000000000        0.4854913382
       14.7000000000        0.2293255847
       14.8000000000        0.0976832470
       14.9000000000        0.0374720447
       15.0000000000        0.0129318846
       15.1000000000        0.0040116611
       15.2000000000        0.0011179091
       15.3000000000        0.0002796888
       15.4000000000        0.0000627969
       15.5000000000        0.0000126485
       15.6000000000        0.0000022848
       15.7000000000        0.0000003700
       15.8000000000        0.0000000537
       15.9000000000        0.0000000070
       16.0000000000        0.0000000008
       16.1000000000        0.0000000001
       16.2000000000        0.0000000000
       16.3000000000        0.0000000000
       16.4000000000        0.0000000000
       16.5000000000        0.0000000000
       16.6000000000        0.0000000000
       16.7000000000        0.0000000000
       16.8000000000        0.0000000000
       16.9000000000        0.0000000000
       17.0000000000        0.0000000000
       17.1000000000        0.0000000000
       17.2000000000        0.0000000000
       17.3000000000        0.0000000000
       17.4000000000        0.0000000000
       17.5000000000        0.0000000000
       17.6000000000        0.0000000000
       17.7000000000        0.0000000000
       17.8000000000        0.0000000000
       17.9000000000        0.0000000000
       18.0000000000        0.0000000000
       18.1000000000        0.0000000000
       18.2000000000        0.0000000000
       18.3000000000        0.0000000000
       18.4000000000        0.0000000000
       18.5000000000        0.0000000000
       18.6000000000        0.0000000000
       18.7000000000        0.0000000000
       18.8000000000        0.0000000000
       18.9000000000        0.0000000000
       19.0000000000        0.0000000000
       19.1000000000        0.0000000000
       19.2000000000        0.0000000000
       19.3000000000        0.0000000000
       19.4000000000        0.0000000000
       19.5000000000        0.0000000000
       19.6000000000        0.0000000000
       19.7000000000        0.0000000000
       19.8000000000        0.0000000000
       19.9000000000        0.0000000000
       20.0000000000        0.0000000000
       20.1000000000        0.0000000000
       20.2000000000        0.0000000000
       20.3000000000        0.0000000000
       20.4000000000        0.0000000000
       20.5000000000        0.0000000000
       20.6000000000        0.0000000000
       20.7000000000        0.0000000000
       20.8000000000        0.0000000000
       20.9000000000        0.0000000000
       21.0000000000        0.0000000000
       21.1000000000        0.0000000000
       21.2000000000        0.0000000000
       21.3000000000        0.0000000000
       21.4000000000        0.0000000000
       21.5000000000        0.0000000000
       21.6000000000        0.0000000000
       21.7000000000        0.0000000000
       21.8000000000        0.0000000000
       21.9000000000        0.0000000000
       22.0000000000        0.0000000000
       22.1000000000        0.0000000000
       22.2000000000        0.0000000000
       22.3000000000        0.0000000000
       22.4000000000        0.0000000000
       22.5000000000        0.0000000000
       22.6000000000        0.0000000000
       22.7000000000        0.0000000000
       22.8000000000        0.0000000000
       22.9000000000        0.0000000000
       23.0000000000        0.0000000000
       23.1000000000        0.0000000000
       23.2000000000        0.0000000000
       23.3000000000        0.0000000000
       23.4000000000        0.0000000000
       23.5000000000        0.0000000000
       23.6000000000        0.0000000000
       23.7000000000        0.0000000000
       23.8000000000        0.0000000000
       23.9000000000        0.0000000000
       24.0000000000        0.0000000000
       24.1000000000        0.0000000000
       24.2000000000        0.0000000000
       24.3000000000        0.0000000000
       24.4000000000        0.0000000000
       24.5000000000        0.0000000003
       24.6000000000        0.0000000028
       24.7000000000        0.0000000218
       24.8000000000        0.0000001517
       24.9000000000        0.0000009459
       25.0000000000        0.0000052781
       25.1000000000        0.0000263657
       25.2000000000        0.0001179311
       25.3000000000        0.0004724838
       25.4000000000        0.0016963710
       25.5000000000        0.0054618186
       25.6000000000        0.0157868690
       25.7000000000        0.0410283982
       25.8000000000        0.0961011318
       25.9000000000        0.2035852506
       26.0000000000        0.3920593644
       26.1000000000        0.6913238539
       26.2000000000        1.1271060998
       26.3000000000        1.7197305336
       26.4000000000        2.4883777189
       26.5000000000        3.4549676085
       26.6000000000        4.6361775984
       26.7000000000        6.0173919508
       26.8000000000        7.5188591174
       26.9000000000        8.9795535628
       27.0000000000       10.1818609084
       27.1000000000       10.9160219849
       27.2000000000       11.0531582104
       27.3000000000       10.5853132078
       27.4000000000        9.6123960660
       27.5000000000        8.2926766460
       27.6000000000        6.7933238451
       27.7000000000        5.2647899975
       27.8000000000        3.8348236017
       27.9000000000        2.6040897106
       28.0000000000        1.6350827833
       28.1000000000        0.9423370958
       28.2000000000        0.4954949482
       28.3000000000        0.2365959712
       28.4000000000        0.1022313687
       28.5000000000        0.0398695590
       28.6000000000        0.0140071410
       28.7000000000        0.0044268711
       28.8000000000        0.0012572727
       28.9000000000        0.0003206318
       29.0000000000        0.0000733786
       29.1000000000        0.0000150633
       29.2000000000        0.0000027727
       29.3000000000        0.0000004575
       29.4000000000        0.0000000677
       29.5000000000        0.0000000090
       29.6000000000        0.0000000011
       29.7000000000        0.0000000001
       29.8000000000        0.0000000000
       29.9000000000        0.0000000000
       30.0000000000        0.0000000000
       30.1000000000        0.0000000000
       30.2000000000        0.0000000000
       30.3000000000        0.0000000000
       30.4000000000        0.0000000000
       30.5000000000        0.0000000000
       30.6000000000        0.0000000000
